C:\Users\BUDDY\anaconda3\python.exe D:/MyProgs/коммивояжер/AntSolver.py
__________________________________________________________________
20.txt
[0, 65, 26, 41, 18, 35, 77, 46, 69, 48, 64, 87, 78, 52, 27, 18, 86, 81, 84, 37]
[65, 0, 34, 82, 12, 62, 45, 13, 67, 20, 19, 56, 39, 33, 50, 55, 61, 65, 52, 50]
[26, 34, 0, 40, 48, 20, 36, 34, 49, 75, 60, 84, 74, 50, 47, 56, 77, 80, 42, 46]
[41, 82, 40, 0, 21, 31, 31, 30, 36, 87, 36, 12, 16, 83, 19, 84, 46, 35, 90, 43]
[18, 12, 48, 21, 0, 29, 67, 23, 23, 40, 14, 13, 80, 24, 22, 83, 54, 41, 58, 24]
[35, 62, 20, 31, 29, 0, 87, 78, 90, 49, 15, 88, 45, 10, 31, 28, 78, 30, 12, 90]
[77, 45, 36, 31, 67, 87, 0, 40, 65, 23, 45, 54, 43, 72, 83, 66, 61, 60, 11, 11]
[46, 13, 34, 30, 23, 78, 40, 0, 45, 41, 88, 21, 87, 30, 57, 34, 11, 52, 28, 39]
[69, 67, 49, 36, 23, 90, 65, 45, 0, 49, 36, 27, 51, 26, 49, 55, 77, 61, 33, 46]
[48, 20, 75, 87, 40, 49, 23, 41, 49, 0, 79, 53, 53, 64, 68, 79, 28, 74, 40, 51]
[64, 19, 60, 36, 14, 15, 45, 88, 36, 79, 0, 80, 85, 53, 86, 69, 61, 58, 78, 81]
[87, 56, 84, 12, 13, 88, 54, 21, 27, 53, 80, 0, 87, 60, 52, 15, 83, 54, 48, 84]
[78, 39, 74, 16, 80, 45, 43, 87, 51, 53, 85, 87, 0, 77, 72, 25, 59, 60, 86, 20]
[52, 33, 50, 83, 24, 10, 72, 30, 26, 64, 53, 60, 77, 0, 74, 19, 49, 74, 37, 51]
[27, 50, 47, 19, 22, 31, 83, 57, 49, 68, 86, 52, 72, 74, 0, 10, 86, 83, 14, 73]
[18, 55, 56, 84, 83, 28, 66, 34, 55, 79, 69, 15, 25, 19, 10, 0, 42, 20, 34, 56]
[86, 61, 77, 46, 54, 78, 61, 11, 77, 28, 61, 83, 59, 49, 86, 42, 0, 71, 16, 26]
[81, 65, 80, 35, 41, 30, 60, 52, 61, 74, 58, 54, 60, 74, 83, 20, 71, 0, 31, 19]
[84, 52, 42, 90, 58, 12, 11, 28, 33, 40, 78, 48, 86, 37, 14, 34, 16, 31, 0, 89]
[37, 50, 46, 43, 24, 90, 11, 39, 46, 51, 81, 84, 20, 51, 73, 56, 26, 19, 89, 0]

[...РїСЂРёР±Р»РёР·РёС‚РµР»СЊРЅРѕ...]  <- 1000
Processing

Iteration 0 best dist = 804 <- [4, 11, 6, 13, 15, 5, 17, 10, 18, 14, 12, 2, 19, 1, 7, 16, 9, 8, 3, 0, 4]
Iteration 3 best dist = 795 <- [5, 18, 9, 6, 4, 19, 16, 10, 2, 15, 0, 1, 13, 7, 17, 3, 11, 8, 12, 14, 5]
Iteration 13 best dist = 772 <- [7, 18, 6, 9, 1, 8, 2, 12, 5, 15, 17, 13, 19, 4, 10, 16, 3, 11, 14, 0, 7]
Iteration 14 best dist = 730 <- [13, 8, 2, 18, 16, 12, 15, 17, 9, 7, 6, 19, 14, 5, 0, 3, 11, 10, 1, 4, 13]
Iteration 50 best dist = 710 <- [16, 7, 10, 2, 18, 9, 3, 11, 6, 19, 12, 1, 14, 0, 4, 8, 13, 5, 17, 15, 16]
Iteration 317 best dist = 687 <- [17, 19, 16, 12, 15, 11, 9, 5, 2, 1, 7, 6, 13, 18, 14, 4, 0, 10, 8, 3, 17]
Iteration 550 best dist = 629 <- [14, 3, 17, 5, 13, 8, 12, 15, 0, 4, 11, 19, 2, 7, 6, 18, 16, 9, 1, 10, 14]
Iteration 1022 best dist = 623 <- [12, 3, 11, 4, 8, 14, 18, 5, 2, 0, 15, 6, 9, 1, 10, 17, 13, 19, 7, 16, 12]
Iteration 1297 best dist = 613 <- [5, 13, 18, 14, 2, 0, 10, 3, 11, 8, 7, 4, 17, 15, 16, 9, 1, 6, 19, 12, 5]
Iteration 4782 best dist = 609 <- [2, 16, 9, 6, 19, 4, 0, 12, 3, 11, 18, 14, 8, 13, 5, 10, 1, 7, 17, 15, 2]
Iteration 6465 best dist = 578 <- [8, 12, 3, 19, 16, 18, 17, 15, 14, 0, 4, 7, 13, 1, 9, 11, 6, 2, 5, 10, 8]
Iteration 52144 best dist = 574 <- [14, 3, 12, 15, 11, 7, 8, 13, 9, 6, 10, 5, 2, 1, 4, 0, 16, 19, 17, 18, 14]
Iteration 59155 best dist = 544 <- [11, 4, 13, 8, 2, 3, 6, 9, 16, 7, 17, 15, 14, 0, 19, 12, 1, 10, 5, 18, 11]
!!!Best dist and route are:  (544, [11, 4, 13, 8, 2, 3, 6, 9, 16, 7, 17, 15, 14, 0, 19, 12, 1, 10, 5, 18, 11]) after 100000 iterations!!!

Process finished with exit code 0
